0.01
0.51
1.01
1.51
2.01
2.51
3.02
3.52
4.02
4.52
5.02
5.53
6.03
6.53
7.03
7.53
8.04
8.54
9.04
9.54
10.04
10.55
11.05
11.55
12.05
12.55
13.06
13.56
14.06
14.56
15.06
15.57
16.07
16.57
17.07
17.57
18.08
18.58
19.08
19.58
20.08
20.59
21.09
21.59
22.09
22.59
23.1
23.6
24.1
24.6
25.1
25.61
26.11
26.61
27.11
27.61
28.12
28.62
29.12
29.62
30.12
30.63
31.13
31.63
32.13
32.63
33.14
33.64
34.14
34.64
35.14
35.65
36.15
36.65
37.15
37.65
38.16
38.66
39.16
39.66
40.16
40.67
41.17
41.67
42.17
42.67
43.18
43.68
44.18
44.68
45.18
45.69
46.19
46.69
47.19
47.69
48.2
48.7
49.2
49.7
50.2
50.71
51.21
51.71
52.21
52.71
53.22
53.72
54.22
54.72
55.22
55.73
56.23
56.73
57.23
57.73
58.24
58.74
59.24
59.74
60.24
60.75
61.25
61.75
62.25
62.75
63.26
63.76
64.26
64.76
65.26
65.77
66.27
66.77
67.27
67.77
68.28
68.78
69.28
69.78
70.28
70.79
71.29
71.79
72.29
72.79
73.3
73.8
74.3
74.8
75.3
75.81
76.31
76.81
77.31
77.81
78.32
78.82
79.32
79.82
80.32
80.83
81.33
81.83
82.33
82.83
83.34
83.84
84.34
84.84
85.34
85.85
86.35
86.85
87.35
87.85
88.36
88.86
89.36
89.86
90.36
90.87
91.37
91.87
92.37
92.87
93.38
93.88
94.38
94.88
95.38
95.89
96.39
96.89
97.39
97.89
98.4
98.9
99.4
99.9
100.4
100.91
101.41
101.91
102.41
102.91
103.42
103.92
104.42
104.92
105.42
105.93
106.43
106.93
107.43
107.93
108.44
108.94
109.44
109.94
110.44
110.95
111.45
111.95
112.45
112.95
113.46
113.96
114.46
114.96
115.46
115.97
116.47
116.97
117.47
117.97
118.48
118.98
119.48
119.98
120.48
120.99
121.49
121.99
122.49
122.99
123.5
124
124.5
125
125.5
126.01
126.51
127.01
127.51
128.01
128.52
129.02
129.52
130.02
130.52
131.03
131.53
132.03
132.53
133.03
133.54
134.04
134.54
135.04
135.54
136.05
136.55
137.05
137.55
138.05
138.56
139.06
139.56
140.06
140.56
141.07
141.57
142.07
142.57
143.07
143.58
144.08
144.58
145.08
145.58
146.09
146.59
147.09
147.59
148.09
148.6
149.1
149.6
150
150
150
150
150
150
150
150
150
150
150
150
150
150
150
150
150
150
150
150
150
150
150
150
150
150
150
150
150
150
150
150
150
150
150
150
150
150
150
150
150
150
150
150
150
150
150
150
150
150
150
150
150
150
150
150
150
150
150
150
150
150
150
150
150
150
150
150
150
150
150
150
150
150
150
150
150
150
150
150
150
150
150
150
150
150
150
150
150
150
150
150
150
150
150
150
150
150
150
150
150
150
150
150
150
150
150
150
150
150
150
150
150
150
150
150
150
150
150
150
150
150
150
150
150
150
150
150
150
150
150
150
150
150
150
150
150
150
150
150
150
150
150
150
150
150
150
150
150
150
150
150
150
150
150
150
150
150
150
150
150
150
150
150
150
150
150
150
150
150
150
150
150
150
150
150
150
150
150
150
150
150
150
150
150
150
150
150
150
150
150
150
150
150
150
150
150
150
150
150
150
150
150
150
150
150
150
150
150
150
150
150
150
150
150
150
150
150
150
150
150
150
150
150
150
150
150
150
150
150
150
150
150
150
150
150
150
150
150
150
150
150
150
150
150
150
150
150
150
150
150
150
150
150
150
150
150
150
150
150
150
150
150
150
150
150
150
150
150
150
150
150
150
150
150
150
150
150
150
150
150
150
150
150
150
150
150
150
150
150
150
150
150
150
150
150
150
150
150
150
150
150
150
150
150
150
150
150
150
150
150
150
150
150
150
150
150
150
150
150.24
150.74
151.24
151.75
152.25
152.75
153.25
153.75
154.26
154.76
155.26
155.76
156.26
156.77
157.27
157.77
158.27
158.77
159.28
159.78
160.28
160.78
161.28
161.79
162.29
162.79
163.29
163.79
164.3
164.8
165.3
165.8
166.3
166.81
167.31
167.81
168.31
168.81
169.32
169.82
170.32
170.82
171.32
171.83
172.33
172.83
173.33
173.83
174.34
174.84
175.34
175.84
176.34
176.85
177.35
177.85
178.35
178.85
179.36
179.86
180.36
180.86
181.36
181.87
182.37
182.87
183.37
183.87
184.38
184.88
185.38
185.88
186.38
186.89
187.39
187.89
188.39
188.89
189.4
189.9
190.4
190.9
191.4
191.91
192.41
192.91
193.41
193.91
194.42
194.92
195.42
195.92
196.42
196.93
197.43
197.93
198.43
198.93
199.44
199.94
200.44
200.94
201.44
201.95
202.45
202.95
203.45
203.95
204.46
204.96
205.46
205.96
206.46
206.97
207.47
207.97
208.47
208.97
209.48
209.98
210.48
210.98
211.48
211.99
212.49
212.99
213.49
213.99
214.5
215
215.5
216
216.5
217.01
217.51
218.01
218.51
219.01
219.52
220
220
220
220
220
220
220
220
220
220
220
220
220
220
220
220
220
220
220
220
220
220
220
220
220
220
220
220
220
220
220
220
220
220
220
220
220
220
220
220
220
220
220
220
220
220
220
220
220
220
220
220
220
220
220
220
220
220
220
220
220
220
220
220
220
220
220
220
220
220
220
220
220
220
220
220
220
220
220
220
220
220
220
220
220
220
220
220
220
220
220
220
220
220
220
220
220
220
220
220
220
220
220
220
220
220
220
220
220
220
220
220
220
220
220
220
220
220
220
220
220
220
220
220
220
220
220
220
220
220
220
220
220
220
220
220
220
220
220
220
220
220
220
220
220
220
220
220
220
220
220
220
220
220
220
220
220
220
220
220
end
